Nombre de la imagen,Peso real (g),Peso estimado (g),RMSE (g)
B_CUY_01_017_05,553.38224,1491.2771759540944,937.8949359540944
B_CUY_01_014_10,648.63656,1398.0347547064605,749.3981947064605
B_CUY_01_024_01,771.1064,1235.6124725331624,464.5060725331624
B_CUY_01_017_01,553.38224,863.2443515506759,309.8621115506759
B_CUY_01_024_04,771.1064,1373.0698483724166,601.9634483724166
B_CUY_01_014_01,648.63656,1230.7999604687686,582.1634004687686
B_CUY_01_014_02,648.63656,1349.0072880504465,700.3707280504465
B_CUY_01_024_02,771.1064,1212.1514762192417,441.04507621924165
B_CUY_01_026_05,734.81904,986.5649732007724,251.74593320077247
B_CUY_01_017_06,553.38224,1310.2064095312696,756.8241695312696
B_CUY_01_017_10,553.38224,857.2287114701834,303.84647147018336
B_CUY_01_024_05,771.1064,1155.0028954545628,383.8964954545628
B_CUY_01_024_07,771.1064,1140.5653592613808,369.45895926138076
B_CUY_01_017_08,553.38224,1150.4911653941936,597.1089253941935
B_CUY_01_014_13,648.63656,869.2599916311684,220.6234316311684
B_CUY_01_014_09,648.63656,891.5178599289907,242.88129992899064
B_CUY_01_024_08,771.1064,1140.5653592613808,369.45895926138076
B_CUY_01_024_09,771.1064,962.5024128788024,191.39601287880237
B_CUY_01_014_07,648.63656,1461.800539559681,813.163979559681
B_CUY_01_017_11,553.38224,1029.2760177722694,475.89377777226935
B_CUY_01_014_06,648.63656,1229.59683245267,580.96027245267
B_CUY_01_017_07,553.38224,1494.8865600023898,941.5043200023898
B_CUY_01_014_04,648.63656,1167.0341756155478,518.3976156155478
B_CUY_01_014_12,648.63656,1278.3235171046595,629.6869571046594
B_CUY_01_014_08,648.63656,890.3147319128922,241.67817191289214
B_CUY_01_014_11,648.63656,960.0961568466054,311.45959684660534
B_CUY_01_017_04,553.38224,1282.2336831569796,728.8514431569796
B_CUY_01_026_02,734.81904,952.8773887500143,218.05834875001437
B_CUY_01_014_05,648.63656,1136.9559752130854,488.31941521308534
B_CUY_01_014_14,648.63656,1099.358224710007,450.7216647100071
B_CUY_01_024_03,771.1064,1032.2838378125155,261.17743781251545
B_CUY_01_024_06,771.1064,1356.526838151062,585.4204381510621
B_CUY_01_014_16,648.63656,1349.9096340625204,701.2730740625203
B_CUY_01_026_06,734.81904,1061.1589101988795,326.33987019887957
B_CUY_01_017_09,553.38224,1422.9996610405044,869.6174210405044
B_CUY_01_017_03,553.38224,1099.358224710007,545.9759847100071
B_CUY_01_014_15,648.63656,1010.6275335227425,361.9909735227425
B_CUY_01_026_04,734.81904,1140.5653592613808,405.7463192613808
B_CUY_01_024_10,771.1064,1061.1589101988795,290.05251019887953
B_CUY_01_024_11,771.1064,1280.1282091288072,509.02180912880715
B_CUY_01_026_01,734.81904,1060.5573461908305,325.7383061908305
B_CUY_01_045_04,934.39952,1376.3784504166874,441.9789304166874
B_CUY_01_049_03,408.2328,1020.2525576515305,612.0197576515305
B_CUY_01_045_07,934.39952,1488.5701379178727,554.1706179178726
B_CUY_01_045_03,934.39952,1241.628112613655,307.228592613655
B_CUY_01_065_02,390.08912,962.5024128788024,572.4132928788024
B_CUY_01_045_13,934.39952,1298.1751293702846,363.77560937028454
B_CUY_01_043_11,1097.69264,1300.5813854024816,202.88874540248162
B_CUY_01_045_09,934.39952,1353.5190181108158,419.1194981108157
B_CUY_01_049_09,408.2328,1042.2096439453283,633.9768439453283
B_CUY_01_049_10,408.2328,813.9161028906373,405.68330289063726
B_CUY_01_049_05,408.2328,1186.284223873124,778.0514238731239
B_CUY_01_043_05,1097.69264,1513.5350442519168,415.84240425191683
B_CUY_01_043_07,1097.69264,1537.5976045738869,439.9049645738869
B_CUY_01_043_04,1097.69264,1339.9838279297076,242.29118792970758
B_CUY_01_065_01,390.08912,1048.5260660298454,658.4369460298454
B_CUY_01_045_15,934.39952,1366.7534262878994,432.35390628789935
B_CUY_01_026_10,734.81904,1169.4404316477448,434.6213916477449
B_CUY_01_043_06,1097.69264,1386.0034745454755,288.3108345454755
B_CUY_01_043_02,1097.69264,1328.8548937807966,231.16225378079662
B_CUY_01_049_04,408.2328,1086.4245985369482,678.1917985369482
B_CUY_01_045_12,934.39952,1259.0734688470834,324.67394884708335
B_CUY_01_065_03,390.08912,1086.4245985369482,696.3354785369482
B_CUY_01_045_14,934.39952,1310.2064095312696,375.8068895312696
B_CUY_01_049_06,408.2328,1061.1589101988795,652.9261101988795
B_CUY_01_043_12,1097.69264,1667.535430312525,569.842790312525
B_CUY_01_045_02,934.39952,1914.4774556167429,980.0779356167428
B_CUY_01_043_09,1097.69264,1697.0120667069384,599.3194267069384
B_CUY_01_026_11,734.81904,1831.7624045099708,1096.9433645099707
B_CUY_01_026_13,734.81904,843.6935212890752,108.87448128907522
B_CUY_01_026_09,734.81904,1162.2216635511538,427.40262355115385
B_CUY_01_045_08,934.39952,1667.535430312525,733.135910312525
B_CUY_01_026_12,734.81904,1284.3391571851519,549.5201171851519
B_CUY_01_045_05,934.39952,1296.9720013541862,362.57248135418615
B_CUY_01_043_08,1097.69264,1282.2336831569796,184.54104315697964
B_CUY_01_043_14,1097.69264,1218.1671162997343,120.4744762997343
B_CUY_01_049_08,408.2328,891.5178599289907,483.2850599289907
B_CUY_01_043_03,1097.69264,1263.284416903428,165.59177690342813
B_CUY_01_043_01,1097.69264,1547.824192710724,450.131552710724
B_CUY_01_043_10,1097.69264,1642.2697419744566,544.5771019744566
B_CUY_01_049_02,408.2328,976.9399490719844,568.7071490719844
B_CUY_01_049_01,408.2328,918.8890222952316,510.6562222952316
B_CUY_01_045_10,934.39952,1457.2888094993118,522.8892894993118
B_CUY_01_065_04,390.08912,1289.7532332575952,899.6641132575952
B_CUY_01_045_06,934.39952,1417.2848029640365,482.8852829640365
B_CUY_01_045_11,934.39952,1970.7236903693479,1036.324170369348
B_CUY_01_026_14,734.81904,925.807008387798,190.987968387798
B_CUY_01_049_07,408.2328,891.5178599289907,483.2850599289907
B_CUY_01_043_13,1097.69264,1534.890566537665,437.1979265376651
CUY_00_029_03,681.0,660.5172808380781,20.482719161921864
B_CUY_01_101_10,489.87936,768.7988022869434,278.9194422869434
B_CUY_01_066_09,381.01728,1099.9597887180564,718.9425087180564
B_CUY_01_066_14,381.01728,957.088336806359,576.071056806359
B_CUY_01_083_03,145.14944,380.48923509115156,235.33979509115156
B_CUY_01_101_02,489.87936,933.928122496463,444.0487624964629
B_CUY_01_101_18,489.87936,879.7873617720303,389.9080017720303
B_CUY_01_101_04,489.87936,664.7282288944228,174.84886889442282
B_CUY_01_076_05,281.22704,992.580613281265,711.353573281265
B_CUY_01_101_11,489.87936,767.8964562748695,278.01709627486946
B_CUY_01_066_11,381.01728,1071.9870623437662,690.9697823437662
B_CUY_01_076_02,281.22704,843.9943032930998,562.7672632930999
B_CUY_01_065_07,390.08912,1061.1589101988795,671.0697901988796
B_CUY_01_083_02,145.14944,476.4386943750072,331.2892543750072
B_CUY_01_076_10,281.22704,943.2523646212263,662.0253246212263
B_CUY_01_101_14,489.87936,853.6193274218879,363.73996742188785
B_CUY_01_076_03,281.22704,760.9784701823031,479.7514301823031
B_CUY_01_065_06,390.08912,961.2992848627039,571.2101648627039
B_CUY_01_101_13,489.87936,853.6193274218879,363.73996742188785
B_CUY_01_066_15,381.01728,878.2834517519071,497.2661717519071
B_CUY_01_083_01,145.14944,436.1339058357073,290.9844658357073
B_CUY_01_065_10,390.08912,1617.0040536363879,1226.914933636388
CUY_00_029_02,681.0,730.9002697798405,49.90026977984053
CUY_00_007_02,884.0,1761.9809795762576,877.9809795762576
B_CUY_01_101_15,489.87936,694.8064292968854,204.9270692968854
B_CUY_01_065_09,390.08912,1136.9559752130854,746.8668552130854
B_CUY_01_101_17,489.87936,822.939563011376,333.06020301137596
B_CUY_01_101_01,489.87936,768.7988022869434,278.9194422869434
B_CUY_01_066_12,381.01728,982.9555891524769,601.9383091524769
CUY_00_007_04,884.0,2067.274713661253,1183.274713661253
CUY_00_007_03,884.0,1756.867685507839,872.867685507839
B_CUY_01_076_09,281.22704,777.2206983996329,495.99365839963286
B_CUY_01_066_07,381.01728,1185.6826598650746,804.6653798650746
B_CUY_01_066_05,381.01728,918.2874582871824,537.2701782871824
B_CUY_01_076_08,281.22704,873.4709396875131,592.2438996875131
B_CUY_01_066_06,381.01728,1008.8228414985947,627.8055614985947
CUY_00_007_07,884.0,1381.1909624810814,497.19096248108144
B_CUY_01_066_04,381.01728,800.0801307055044,419.0628507055044
B_CUY_01_083_05,145.14944,391.01660523201343,245.86716523201343
B_CUY_01_101_12,489.87936,776.9199163956083,287.0405563956083
B_CUY_01_066_08,381.01728,1085.2214705208496,704.2041905208496
B_CUY_01_076_04,281.22704,952.8773887500143,671.6503487500144
B_CUY_01_101_05,489.87936,899.338192033631,409.458832033631
B_CUY_01_101_16,489.87936,879.4865797680056,389.6072197680056
B_CUY_01_066_13,381.01728,1045.518245989599,664.5009659895991
B_CUY_01_066_02,381.01728,1366.4526442838746,985.4353642838746
B_CUY_01_066_03,381.01728,1159.2138435109075,778.1965635109075
B_CUY_01_101_09,489.87936,1028.67445376422,538.79509376422
B_CUY_01_065_08,390.08912,1120.1121829877063,730.0230629877063
B_CUY_01_083_04,145.14944,414.47760154593425,269.3281615459342
B_CUY_01_101_08,489.87936,779.6269544318299,289.74759443182984
B_CUY_01_076_11,281.22704,871.6662476633654,590.4392076633654
B_CUY_01_066_01,381.01728,1217.2647702876604,836.2474902876604
B_CUY_01_101_07,489.87936,724.5838476953234,234.70448769532334
B_CUY_01_076_06,281.22704,843.6935212890752,562.4664812890752
B_CUY_01_066_10,381.01728,1003.709547430176,622.692267430176
B_CUY_01_101_06,489.87936,822.939563011376,333.06020301137596
B_CUY_01_076_07,281.22704,821.1348709872283,539.9078309872283
B_CUY_01_076_01,281.22704,1012.4322255468902,731.2051855468902
CUY_00_082_01,850.0,631.642208451714,218.35779154828595
CUY_00_076_09,1426.0,1073.4909723638893,352.50902763611066
CUY_00_074_07,1296.0,1097.854314689884,198.14568531011605
CUY_00_076_07,1426.0,902.9475760819265,523.0524239180735
CUY_00_074_05,1296.0,1134.850501184913,161.1494988150871
CUY_00_071_04,1216.0,879.7873617720303,336.2126382279697
CUY_00_074_04,1296.0,1074.3933183759632,221.6066816240368
CUY_00_050_03,1060.0,1124.9246950521003,64.92469505210033
CUY_00_082_04,850.0,765.7909822466971,84.20901775330287
CUY_00_074_01,1296.0,874.373285699587,421.626714300413
CUY_00_081_01,1109.0,750.7518820454659,358.2481179545341
CUY_00_076_03,1426.0,1173.350597700065,252.649402299935
CUY_00_050_05,1060.0,727.290885731545,332.709114268455
CUY_00_055_04,1170.0,1296.9720013541862,126.9720013541862
CUY_00_076_10,1426.0,1323.4408177083533,102.55918229164672
CUY_00_050_01,1060.0,757.9706501420569,302.0293498579431
CUY_00_050_04,1060.0,884.2990918323997,175.70090816760035
CUY_00_076_08,1426.0,900.2405380457049,525.7594619542951
CUY_00_055_08,1170.0,1155.0028954545628,14.997104545437196
CUY_00_076_11,1426.0,1330.9603678089688,95.03963219103116
CUY_00_081_03,1109.0,822.939563011376,286.060436988624
CUY_00_076_13,1426.0,1328.2533297727473,97.74667022725271
CUY_00_082_03,850.0,558.2513994697053,291.74860053029465
CUY_00_081_08,1109.0,844.595867301149,264.40413269885096
CUY_00_055_09,1170.0,821.1348709872283,348.8651290127717
CUY_00_055_05,1170.0,998.8970353657821,171.10296463421787
CUY_00_081_11,1109.0,853.6193274218879,255.38067257811213
CUY_00_082_08,850.0,672.5485609990632,177.45143900093683
CUY_00_076_15,1426.0,879.7873617720303,546.2126382279697
CUY_00_050_07,1060.0,779.6269544318299,280.37304556817014
CUY_00_074_09,1296.0,756.7675221259584,539.2324778740416
CUY_00_050_02,1060.0,1305.3938974668756,245.39389746687561
CUY_00_074_10,1296.0,982.3540251444276,313.6459748555724
CUY_00_076_01,1426.0,1310.2064095312696,115.79359046873037
CUY_00_081_02,1109.0,613.5952882102365,495.4047117897635
CUY_00_074_03,1296.0,1173.0498156960405,122.95018430395953
CUY_00_071_01,1216.0,924.9046623757241,291.0953376242759
CUY_00_076_06,1426.0,890.3147319128922,535.6852680871078
CUY_00_081_09,1109.0,1249.4484447182954,140.44844471829538
CUY_00_076_05,1426.0,877.0803237358086,548.9196762641914
CUY_00_081_06,1109.0,893.3225519531385,215.6774480468615
CUY_00_050_08,1060.0,749.2479720253427,310.75202797465727
CUY_00_071_02,1216.0,1037.6979138849588,178.30208611504122
CUY_00_076_12,1426.0,1058.7526541666825,367.24734583331747
CUY_00_055_02,1170.0,724.5838476953234,445.41615230467664
CUY_00_082_05,850.0,747.1424979971704,102.85750200282962
CUY_00_076_04,1426.0,950.1703507137927,475.8296492862073
CUY_00_076_02,1426.0,982.9555891524769,443.04441084752307
CUY_00_074_02,1296.0,1419.6910589962336,123.69105899623355
CUY_00_050_06,1060.0,960.0961568466054,99.90384315339463
CUY_00_071_03,1216.0,1188.690479905321,27.3095200946791
CUY_00_081_05,1109.0,927.0101364038965,181.98986359610353
CUY_00_074_06,1296.0,1115.9012349313614,180.0987650686386
CUY_00_082_07,850.0,708.6424014820183,141.35759851798173
CUY_00_071_05,1216.0,986.5649732007724,229.43502679922756
CUY_00_081_04,1109.0,959.4945928385561,149.50540716144394
CUY_00_055_06,1170.0,1349.9096340625204,179.90963406252035
CUY_00_082_06,850.0,644.2750526207483,205.72494737925172
CUY_00_091_01,915.0,1028.67445376422,113.67445376422006
CUY_00_171_02,785.0,642.1695785925759,142.83042140742407
CUY_00_212_03,762.0,684.2790591560235,77.72094084397645
CUY_00_087_04,1500.0,801.2832587216029,698.7167412783971
CUY_00_087_07,1500.0,1039.5026059091065,460.4973940908935
CUY_00_082_10,850.0,613.5952882102365,236.4047117897635
CUY_00_190_03,950.0,783.2363384801254,166.76366151987463
CUY_00_155_04,868.0,747.1424979971704,120.85750200282962
CUY_00_155_01,868.0,726.3885397194712,141.61146028052883
CUY_00_213_03,644.0,582.0131777876508,61.98682221234924
CUY_00_190_01,950.0,812.1114108664895,137.88858913351055
CUY_00_171_01,785.0,631.642208451714,153.35779154828595
CUY_00_091_02,915.0,895.1272439772862,19.872756022713816
CUY_00_082_09,850.0,717.9666436067816,132.03335639321836
CUY_00_212_05,762.0,843.9943032930998,81.99430329309985
CUY_00_190_02,950.0,594.0444579486358,355.9555420513642
CUY_00_186_03,387.0,477.0402583830564,90.04025838305643
CUY_00_087_06,1500.0,877.0803237358086,622.9196762641914
CUY_00_217_03,1014.0,742.9315499408256,271.06845005917444
CUY_00_186_01,387.0,414.47760154593425,27.47760154593425
CUY_00_087_03,1500.0,830.158331107967,669.841668892033
CUY_00_213_02,644.0,813.0137568785634,169.0137568785634
CUY_00_213_01,644.0,587.1264718560694,56.87352814393057
CUY_00_091_08,915.0,1044.3151179735005,129.3151179735005
CUY_00_121_06,1010.0,777.5214804036575,232.4785195963425
CUY_00_190_04,950.0,848.8068153574939,101.19318464250614
CUY_00_217_02,1014.0,739.9237299005794,274.07627009942064
CUY_00_091_04,915.0,957.990682818433,42.990682818433015
CUY_00_155_05,868.0,842.189611268952,25.810388731047965
CUY_00_212_01,762.0,548.6263753409173,213.37362465908268
CUY_00_213_05,644.0,584.7202158238724,59.27978417612758
CUY_00_087_05,1500.0,1002.205637410053,497.794362589947
CUY_00_186_02,387.0,397.03224531250595,10.03224531250595
CUY_00_212_02,762.0,540.8060432362771,221.1939567637229
CUY_00_087_02,1500.0,744.4354599609487,755.5645400390513
CUY_00_091_03,915.0,1212.1514762192417,297.15147621924166
CUY_00_087_09,1500.0,1145.3778713257748,354.6221286742252
CUY_01_024_05,771.1064,1284.9407211932012,513.8343211932012
CUY_01_024_10,771.1064,1177.5615457564097,406.4551457564097
CUY_01_024_03,771.1064,997.0923433416343,225.9859433416343
CUY_01_024_01,771.1064,1308.401717507122,537.2953175071219
CUY_01_024_11,771.1064,1135.1512831889374,364.04488318893743
CUY_01_026_06,734.81904,1515.9413002841138,781.1222602841138
CUY_00_217_04,1014.0,767.8964562748695,246.10354372513052
CUY_01_026_02,734.81904,1097.5535326858594,362.73449268585944
CUY_01_026_01,734.81904,1283.7375931771026,548.9185531771026
CUY_01_024_09,771.1064,1163.725573571277,392.619173571277
CUY_01_026_04,734.81904,1313.8157935795653,578.9967535795653
CUY_01_024_07,771.1064,1062.9636022230275,291.85720222302746
CUY_01_026_09,734.81904,1136.9559752130854,402.1369352130854
CUY_01_026_10,734.81904,923.7015343596256,188.88249435962564
CUY_01_024_08,771.1064,945.959402657448,174.85300265744797
CUY_01_026_12,734.81904,914.9788562429115,180.15981624291157
CUY_01_026_03,734.81904,1020.5533396555551,285.7342996555551
CUY_01_026_08,734.81904,986.5649732007724,251.74593320077247
CUY_01_026_11,734.81904,1155.9052414666367,421.0862014666367
CUY_01_024_02,771.1064,1112.291850883066,341.185450883066
CUY_01_026_07,734.81904,1096.3504046697608,361.5313646697608
CUY_01_026_05,734.81904,1366.7534262878994,631.9343862878994
CUY_01_024_06,771.1064,1884.0984732102556,1112.9920732102555
CUY_01_024_04,771.1064,1058.7526541666825,287.6462541666825
CUY_01_024_12,771.1064,843.6935212890752,72.58712128907518
CUY_01_035_10,535.23856,1060.2565641868057,525.0180041868057
CUY_01_026_13,734.81904,1256.065648806837,521.2466088068371
CUY_01_035_01,535.23856,972.7290010156396,437.4904410156396
CUY_01_035_12,535.23856,853.6193274218879,318.38076742188787
CUY_01_035_15,535.23856,954.0805167661129,418.84195676611284
CUY_01_026_16,734.81904,1067.7761142874215,332.9570742874215
CUY_01_026_14,734.81904,1204.3311441146016,469.5121041146016
CUY_01_026_15,734.81904,1011.2290975307917,276.41005753079173
CUY_01_035_09,535.23856,1068.076896291446,532.838336291446
CUY_01_026_17,734.81904,1211.5499122111926,476.7308722111926
CUY_01_035_14,535.23856,987.4673192128463,452.2287592128463
CUY_01_035_07,535.23856,903.248358085951,368.00979808595105
CUY_01_035_06,535.23856,1135.7528471969867,600.5142871969867
CUY_01_035_04,535.23856,1071.9870623437662,536.7485023437662
CUY_01_035_02,535.23856,985.3618451846739,450.12328518467393
CUY_01_066_02,381.01728,992.580613281265,611.5633332812649
CUY_01_049_07,408.2328,674.3532530232109,266.12045302321087
CUY_01_049_08,408.2328,714.6580415625108,306.4252415625108
CUY_01_043_15,1097.69264,1533.9882205255913,436.2955805255913
CUY_01_043_10,1097.69264,1227.190576420473,129.49793642047302
CUY_01_066_10,381.01728,939.6429805729308,558.6257005729308
CUY_01_043_04,1097.69264,1218.1671162997343,120.4744762997343
CUY_01_043_07,1097.69264,1810.707664228247,713.0150242282471
CUY_01_043_16,1097.69264,1252.7570467625662,155.06440676256625
CUY_01_049_06,408.2328,649.6891286931916,241.4563286931916
CUY_01_049_02,408.2328,757.9706501420569,349.7378501420569
CUY_01_066_08,381.01728,939.6429805729308,558.6257005729308
CUY_01_043_08,1097.69264,1407.6597788352485,309.96713883524853
CUY_01_049_04,408.2328,850.9122893856662,442.6794893856662
CUY_01_043_12,1097.69264,1109.885594850869,12.192954850869
CUY_01_049_01,408.2328,860.2365315104296,452.0037315104296
CUY_01_043_01,1097.69264,1365.2495162677762,267.55687626777626
CUY_01_066_06,381.01728,809.4043728302679,428.3870928302679
CUY_01_049_03,408.2328,1055.7448341264364,647.5120341264364
CUY_01_066_07,381.01728,800.0801307055044,419.0628507055044
CUY_01_043_02,1097.69264,1669.6409043406975,571.9482643406975
CUY_01_043_11,1097.69264,1111.6902868750167,13.997646875016699
CUY_01_049_10,408.2328,764.5878542305986,356.3550542305986
CUY_01_043_18,1097.69264,1273.5110050402654,175.81836504026546
CUY_01_066_04,381.01728,903.248358085951,522.231078085951
CUY_01_043_14,1097.69264,1193.8037739737395,96.11113397373947
CUY_01_066_01,381.01728,880.088143776055,499.0708637760549
CUY_01_066_09,381.01728,972.7290010156396,591.7117210156396
CUY_01_066_03,381.01728,1119.8114009836816,738.7941209836815
CUY_01_043_17,1097.69264,1130.9403351325927,33.24769513259275
CUY_01_043_05,1097.69264,1407.6597788352485,309.96713883524853
CUY_01_043_06,1097.69264,1515.9413002841138,418.24866028411384
CUY_01_043_03,1097.69264,1349.9096340625204,252.21699406252037
CUY_01_049_09,408.2328,1027.4713257481214,619.2385257481214
CUY_01_049_05,408.2328,663.2243188742998,254.9915188742998
CUY_01_066_05,381.01728,927.0101364038965,545.9928564038964
CUY_01_043_09,1097.69264,1532.7850925094929,435.0924525094929
CUY_01_043_13,1097.69264,1309.0032815151712,211.31064151517126
CUY_01_101_08,489.87936,810.6075008463664,320.7281408463664
CUY_01_066_11,381.01728,970.021962979418,589.004682979418
CUY_01_101_09,489.87936,708.6424014820183,218.76304148201825
CUY_01_113_06,625.95696,1034.6900938447125,408.7331338447125
CUY_01_083_04,145.14944,373.5712489985852,228.4218089985852
CUY_01_082_03,172.36496,500.50125469697724,328.13629469697725
CUY_01_113_03,625.95696,974.5336930397874,348.5767330397874
CUY_01_101_01,489.87936,938.4398525568323,448.5604925568323
CUY_01_083_07,145.14944,373.5712489985852,228.4218089985852
CUY_01_102_14,322.05032,606.3765201136455,284.3262001136455
CUY_01_083_06,145.14944,395.82911729640745,250.67967729640745
CUY_01_083_02,145.14944,397.03224531250595,251.88280531250595
CUY_01_082_01,172.36496,530.2786730954152,357.91371309541523
CUY_01_101_15,489.87936,697.2126853290824,207.3333253290824
CUY_01_083_09,145.14944,452.3761340530371,307.22669405303714
CUY_01_083_05,145.14944,456.8878641134065,311.7384241134065
CUY_01_113_07,625.95696,1097.854314689884,471.89735468988397
CUY_01_101_05,489.87936,715.8611695786093,225.98180957860927
CUY_01_101_14,489.87936,875.8771957197101,385.9978357197101
CUY_01_102_11,322.05032,844.595867301149,522.5455473011491
CUY_01_082_09,172.36496,496.89187064868173,324.52691064868173
CUY_01_082_05,172.36496,542.0091712523756,369.6442112523756
CUY_01_102_13,322.05032,742.9315499408256,420.88122994082556
CUY_01_082_08,172.36496,638.8609765483051,466.4960165483051
CUY_01_101_13,489.87936,715.8611695786093,225.98180957860927
CUY_01_101_06,489.87936,674.9548170312602,185.07545703126016
CUY_01_102_09,322.05032,922.7991883475518,600.7488683475517
CUY_01_101_04,489.87936,736.915909860333,247.03654986033303
CUY_01_113_08,625.95696,1061.1589101988795,435.20195019887956
CUY_01_113_05,625.95696,1266.8938009517235,640.9368409517235
CUY_01_082_11,172.36496,795.8691826491597,623.5042226491597
CUY_01_102_12,322.05032,624.7242223591477,302.6739023591477
CUY_01_113_10,625.95696,996.1899973295605,370.2330373295605
CUY_01_113_01,625.95696,1104.4715187784257,478.5145587784257
CUY_01_082_07,172.36496,410.2666534895895,237.9016934895895
CUY_01_101_17,489.87936,1105.3738647904995,615.4945047904995
CUY_01_113_02,625.95696,1179.6670197845822,553.7100597845822
CUY_01_101_02,489.87936,733.9080898200868,244.02872982008682
CUY_01_113_09,625.95696,1055.7448341264364,429.78787412643646
CUY_01_101_10,489.87936,770.001930303042,280.1225703030419
CUY_01_082_06,172.36496,429.51670174716554,257.15174174716554
CUY_01_102_05,322.05032,741.1268579166779,419.07653791667786
CUY_01_102_04,322.05032,714.6580415625108,392.6077215625108
CUY_01_102_07,322.05032,763.0839442104755,441.03362421047547
CUY_01_082_02,172.36496,445.75892996449534,273.39396996449534
CUY_01_113_11,625.95696,902.3460120738772,276.3890520738772
CUY_01_101_18,489.87936,756.7675221259584,266.8881621259584
CUY_01_102_08,322.05032,708.6424014820183,386.5920814820183
CUY_01_113_04,625.95696,960.0961568466054,334.1391968466054
CUY_01_101_16,489.87936,703.8298894176243,213.95052941762424
CUY_01_101_11,489.87936,726.3885397194712,236.50917971947115
CUY_01_101_03,489.87936,842.189611268952,352.310251268952
CUY_01_102_10,322.05032,701.1228513814026,379.0725313814026
CUY_01_083_01,145.14944,353.41885472893523,208.26941472893523
CUY_01_082_04,172.36496,498.09499866478023,325.73003866478024
CUY_01_102_06,322.05032,801.2832587216029,479.2329387216029
CUY_01_082_10,172.36496,418.688549602279,246.32358960227901
CUY_01_101_07,489.87936,814.8184489027111,324.9390889027111
CUY_01_101_12,489.87936,777.2206983996329,287.34133839963283
CUY_01_083_08,145.14944,383.79783713542247,238.64839713542247
CUY_01_066_12,381.01728,943.2523646212263,562.2350846212263
CUY_01_083_03,145.14944,373.5712489985852,228.4218089985852
CUY_01_102_03,322.05032,825.345819043573,503.295499043573
