Nombre de la imagen,Peso real (g),Peso estimado (g),RMSE (g)
B_CUY_01_017_05,553.38224,1051.8743913265027,498.4921513265027
B_CUY_01_014_10,648.63656,986.1057222439663,337.46916224396625
B_CUY_01_024_01,771.1064,871.5409438421285,100.4345438421285
B_CUY_01_017_01,553.38224,608.8905815060635,55.508341506063516
B_CUY_01_024_04,771.1064,968.4966914896097,197.3902914896097
B_CUY_01_014_01,648.63656,868.1464318894815,219.50987188948147
B_CUY_01_014_02,648.63656,951.5241317263745,302.8875717263745
B_CUY_01_024_02,771.1064,854.9926980729742,83.88629807297423
B_CUY_01_026_05,734.81904,695.874950292644,38.94408970735594
B_CUY_01_017_06,553.38224,924.1558791081577,370.7736391081577
B_CUY_01_017_10,553.38224,604.6474415652547,51.26520156525464
B_CUY_01_024_05,771.1064,814.6828686352906,43.57646863529055
B_CUY_01_024_07,771.1064,804.4993327773494,33.392932777349415
B_CUY_01_017_08,553.38224,811.500513679684,258.11827367968397
B_CUY_01_014_13,648.63656,613.1337214468723,35.50283855312773
B_CUY_01_014_09,648.63656,628.8333392278649,19.80322077213509
B_CUY_01_024_08,771.1064,804.4993327773494,33.392932777349415
B_CUY_01_024_09,771.1064,678.9023905294088,92.20400947059125
B_CUY_01_014_07,648.63656,1031.0830056165396,382.44644561653956
B_CUY_01_017_11,553.38224,726.0012438723866,172.61900387238654
B_CUY_01_014_06,648.63656,867.2978039013198,218.66124390131972
B_CUY_01_017_07,553.38224,1054.420275290988,501.038035290988
B_CUY_01_014_04,648.63656,823.1691485169082,174.53258851690816
B_CUY_01_014_12,648.63656,901.667237421871,253.03067742187102
B_CUY_01_014_08,648.63656,627.9847112397032,20.651848760296843
B_CUY_01_014_11,648.63656,677.2051345530853,28.568574553085227
B_CUY_01_017_04,553.38224,904.4252783833967,351.0430383833967
B_CUY_01_026_02,734.81904,672.1133666241147,62.705673375885226
B_CUY_01_014_05,648.63656,801.9534488128642,153.31688881286414
B_CUY_01_014_14,648.63656,775.4338241828091,126.79726418280904
B_CUY_01_024_03,771.1064,728.122813842791,42.98358615720906
B_CUY_01_024_06,771.1064,956.8280566523855,185.7216566523855
B_CUY_01_014_16,648.63656,952.1606027174959,303.52404271749583
B_CUY_01_026_06,734.81904,748.4898855586732,13.67084555867325
B_CUY_01_017_09,553.38224,1003.7147529983229,450.33251299832284
B_CUY_01_017_03,553.38224,775.4338241828091,222.05158418280905
B_CUY_01_014_15,648.63656,712.8475100558792,64.21095005587915
B_CUY_01_026_04,734.81904,804.4993327773494,69.68029277734945
B_CUY_01_024_10,771.1064,748.4898855586732,22.616514441326785
B_CUY_01_024_11,771.1064,902.9401794041137,131.83377940411367
B_CUY_01_026_01,734.81904,748.0655715645923,13.246531564592374
B_CUY_01_045_04,934.39952,970.8304184570545,36.43089845705447
B_CUY_01_049_03,408.2328,719.6365339611733,311.4037339611733
B_CUY_01_045_07,934.39952,1049.9649783531388,115.56545835313875
B_CUY_01_045_03,934.39952,875.7840837829374,58.615436217062665
B_CUY_01_065_02,390.08912,678.9023905294088,288.8132705294088
B_CUY_01_045_13,934.39952,915.6695992265401,18.72992077345998
B_CUY_01_043_11,1097.69264,917.3668552028637,180.3257847971363
B_CUY_01_045_09,934.39952,954.7064866819811,20.306966681981066
B_CUY_01_049_09,408.2328,735.1239947451255,326.8911947451255
B_CUY_01_049_10,408.2328,574.0968339914314,165.86403399143137
B_CUY_01_049_05,408.2328,836.7471963274963,428.51439632749634
B_CUY_01_043_05,1097.69264,1067.5740091074954,30.118630892504598
B_CUY_01_043_07,1097.69264,1084.5465688707307,13.14607112926933
B_CUY_01_043_04,1097.69264,945.1594218151613,152.5332181848387
B_CUY_01_065_01,390.08912,739.5792916829747,349.49017168297473
B_CUY_01_045_15,934.39952,964.0413945517605,29.641874551760452
B_CUY_01_026_10,734.81904,824.8664044932317,90.04736449323173
B_CUY_01_043_06,1097.69264,977.6194423623487,120.07319763765133
B_CUY_01_043_02,1097.69264,937.309612924665,160.383027075335
B_CUY_01_049_04,408.2328,766.3110733100701,358.07827331007013
B_CUY_01_045_12,934.39952,888.0891896112829,46.31033038871715
B_CUY_01_065_03,390.08912,766.3110733100701,376.22195331007015
B_CUY_01_045_14,934.39952,924.1558791081577,10.243640891842347
B_CUY_01_049_06,408.2328,748.4898855586732,340.2570855586732
B_CUY_01_043_12,1097.69264,1176.1983915922008,78.5057515922008
B_CUY_01_045_02,934.39952,1350.3792861624022,415.97976616240214
B_CUY_01_043_09,1097.69264,1196.989777302164,99.29713730216395
B_CUY_01_026_11,734.81904,1292.036111976281,557.2170719762811
B_CUY_01_026_13,734.81904,595.1003766984348,139.71866330156513
B_CUY_01_026_09,734.81904,819.7746365642611,84.9555965642611
B_CUY_01_045_08,934.39952,1176.1983915922008,241.79887159220073
B_CUY_01_026_12,734.81904,905.9103773626798,171.09133736267984
B_CUY_01_045_05,934.39952,914.8209712383783,19.578548761621732
B_CUY_01_043_08,1097.69264,904.4252783833967,193.26736161660324
B_CUY_01_043_14,1097.69264,859.235838013783,238.456801986217
B_CUY_01_049_08,408.2328,628.8333392278649,220.60053922786494
B_CUY_01_043_03,1097.69264,891.059387569849,206.63325243015095
B_CUY_01_043_01,1097.69264,1091.7599067701055,5.932733229894438
B_CUY_01_043_10,1097.69264,1158.3772038408038,60.684563840803776
B_CUY_01_049_02,408.2328,689.0859263873499,280.8531263873499
B_CUY_01_049_01,408.2328,648.1396259585449,239.9068259585449
B_CUY_01_045_10,934.39952,1027.900650660933,93.50113066093297
B_CUY_01_065_04,390.08912,909.7292033094078,519.6400833094078
B_CUY_01_045_06,934.39952,999.6837700545544,65.28425005455438
B_CUY_01_045_11,934.39952,1390.0526446089646,455.6531246089645
B_CUY_01_026_14,734.81904,653.0192368904751,81.79980310952487
B_CUY_01_049_07,408.2328,628.8333392278649,220.60053922786494
B_CUY_01_043_13,1097.69264,1082.6371558973665,15.0554841026335
CUY_00_029_03,681.0,465.8967655008068,215.1032344991932
B_CUY_01_101_10,489.87936,542.2732844353653,52.39392443536531
B_CUY_01_066_09,381.01728,775.85813817689,394.8408581768899
B_CUY_01_066_14,381.01728,675.0835645826809,294.06628458268085
B_CUY_01_083_03,145.14944,268.3786012561569,123.22916125615691
B_CUY_01_101_02,489.87936,658.7474758105669,168.8681158105669
B_CUY_01_101_18,489.87936,620.5592163432877,130.67985634328772
B_CUY_01_101_04,489.87936,468.8669634593729,21.012396540627094
B_CUY_01_076_05,281.22704,700.1180902334528,418.8910502334528
B_CUY_01_101_11,489.87936,541.6368134442439,51.75745344424388
B_CUY_01_066_11,381.01728,756.127537452129,375.11025745212896
B_CUY_01_076_02,281.22704,595.3125336954753,314.0854936954753
B_CUY_01_065_07,390.08912,748.4898855586732,358.40076555867324
B_CUY_01_083_02,145.14944,336.0566833120574,190.90724331205737
B_CUY_01_076_10,281.22704,665.3243427188206,384.09730271882063
B_CUY_01_101_14,489.87936,602.1015576007694,112.22219760076939
B_CUY_01_076_03,281.22704,536.7572025123138,255.53016251231384
B_CUY_01_065_06,390.08912,678.053762541247,287.96464254124703
B_CUY_01_101_13,489.87936,602.1015576007694,112.22219760076939
B_CUY_01_066_15,381.01728,619.4984313580856,238.48115135808553
B_CUY_01_083_01,145.14944,307.62764570863834,162.47820570863834
B_CUY_01_065_10,390.08912,1140.5560160894067,750.4668960894068
CUY_00_029_02,681.0,515.5415028082698,165.4584971917302
CUY_00_007_02,884.0,1242.815688662899,358.815688662899
B_CUY_01_101_15,489.87936,490.08266316341695,0.20330316341693333
B_CUY_01_065_09,390.08912,801.9534488128642,411.8643288128642
B_CUY_01_101_17,489.87936,580.4615439026445,90.58218390264449
B_CUY_01_101_01,489.87936,542.2732844353653,52.39392443536531
B_CUY_01_066_12,381.01728,693.3290663281588,312.31178632815875
CUY_00_007_04,884.0,1458.1550406589458,574.1550406589458
CUY_00_007_03,884.0,1239.2090197132115,355.20901971321155
B_CUY_01_076_09,281.22704,548.2136803524976,266.9866403524976
B_CUY_01_066_07,381.01728,836.3228823334155,455.30560233341544
B_CUY_01_066_05,381.01728,647.715311964464,266.698031964464
B_CUY_01_076_08,281.22704,616.1039194054384,334.87687940543844
B_CUY_01_066_06,381.01728,711.5745680736366,330.5572880736365
CUY_00_007_07,884.0,974.2249304097016,90.22493040970164
B_CUY_01_066_04,381.01728,564.3376121275711,183.32033212757108
B_CUY_01_083_05,145.14944,275.8040961525723,130.6546561525723
B_CUY_01_101_12,489.87936,548.0015233554572,58.12216335545713
B_CUY_01_066_08,381.01728,765.4624453219084,384.44516532190835
B_CUY_01_076_04,281.22704,672.1133666241147,390.88632662411476
B_CUY_01_101_05,489.87936,634.3494211509163,144.4700611509163
B_CUY_01_101_16,489.87936,620.3470593462473,130.4676993462473
B_CUY_01_066_13,381.01728,737.4577217125703,356.4404417125703
B_CUY_01_066_02,381.01728,963.8292375547201,582.81195755472
B_CUY_01_066_03,381.01728,817.6530665938567,436.63578659385666
B_CUY_01_101_09,489.87936,725.5769298783057,235.69756987830567
B_CUY_01_065_08,390.08912,790.0726569785995,399.98353697859955
B_CUY_01_083_04,145.14944,292.3523419217267,147.2029019217267
B_CUY_01_101_08,489.87936,549.9109363288211,60.031576328821075
B_CUY_01_076_11,281.22704,614.8309774231958,333.6039374231958
B_CUY_01_066_01,381.01728,858.5993670226617,477.58208702266165
B_CUY_01_101_07,489.87936,511.08620587042054,21.206845870420523
B_CUY_01_076_06,281.22704,595.1003766984348,313.87333669843485
B_CUY_01_066_10,381.01728,707.9678991239491,326.9506191239491
B_CUY_01_101_06,489.87936,580.4615439026445,90.58218390264449
B_CUY_01_076_07,281.22704,579.1886019204019,297.9615619204019
B_CUY_01_076_01,281.22704,714.1204520381219,432.89341203812194
CUY_00_082_01,850.0,445.5296937849245,404.4703062150755
CUY_00_076_09,1426.0,757.1883224373313,668.8116775626687
CUY_00_074_07,1296.0,774.3730391976069,521.6269608023931
CUY_00_076_07,1426.0,636.8953051154016,789.1046948845984
CUY_00_074_05,1296.0,800.4683498335811,495.5316501664189
CUY_00_071_04,1216.0,620.5592163432877,595.4407836567123
CUY_00_074_04,1296.0,757.8247934284526,538.1752065715474
CUY_00_050_03,1060.0,793.4671689312465,266.53283106875347
CUY_00_082_04,850.0,540.1517144649608,309.84828553503917
CUY_00_074_01,1296.0,616.7403903965597,679.2596096034403
CUY_00_081_01,1109.0,529.5438646129388,579.4561353870612
CUY_00_076_03,1426.0,827.6244454547574,598.3755545452426
CUY_00_050_05,1060.0,512.9956188437845,547.0043811562155
CUY_00_055_04,1170.0,914.8209712383783,255.17902876162168
CUY_00_076_10,1426.0,933.4907869779371,492.5092130220629
CUY_00_050_01,1060.0,534.6356325419094,525.3643674580906
CUY_00_050_04,1060.0,623.7415712988943,436.2584287011057
CUY_00_076_08,1426.0,634.9858921420376,791.0141078579624
CUY_00_055_08,1170.0,814.6828686352906,355.31713136470944
CUY_00_076_11,1426.0,938.7947119039482,487.20528809605185
CUY_00_081_03,1109.0,580.4615439026445,528.5384560973555
CUY_00_076_13,1426.0,936.8852989305841,489.1147010694159
CUY_00_082_03,850.0,393.7633865070571,456.2366134929429
CUY_00_081_08,1109.0,595.7368476895563,513.2631523104437
CUY_00_055_09,1170.0,579.1886019204019,590.8113980795981
CUY_00_055_05,1170.0,704.5733871713021,465.4266128286979
CUY_00_081_11,1109.0,602.1015576007694,506.8984423992306
CUY_00_082_08,850.0,474.38304538242437,375.61695461757563
CUY_00_076_15,1426.0,620.5592163432877,805.4407836567123
CUY_00_050_07,1060.0,549.9109363288211,510.0890636711789
CUY_00_074_09,1296.0,533.7870045537477,762.2129954462523
CUY_00_050_02,1060.0,920.7613671555107,139.2386328444893
CUY_00_074_10,1296.0,692.9047523340779,603.0952476659221
CUY_00_076_01,1426.0,924.1558791081577,501.8441208918423
CUY_00_081_02,1109.0,432.8002739624981,676.1997260375019
CUY_00_074_03,1296.0,827.412288457717,468.58771154228305
CUY_00_071_01,1216.0,652.3827658993538,563.6172341006462
CUY_00_076_06,1426.0,627.9847112397032,798.0152887602968
CUY_00_081_09,1109.0,881.3001657059888,227.69983429401123
CUY_00_076_05,1426.0,618.6498033699238,807.3501966300762
CUY_00_081_06,1109.0,630.1062812101076,478.89371878989243
CUY_00_050_08,1060.0,528.4830796277366,531.5169203722634
CUY_00_071_02,1216.0,731.9416397895188,484.05836021048117
CUY_00_076_12,1426.0,746.7926295823497,679.2073704176503
CUY_00_055_02,1170.0,511.08620587042054,658.9137941295794
CUY_00_082_05,850.0,526.9979806484536,323.00201935154644
CUY_00_076_04,1426.0,670.2039536507507,755.7960463492493
CUY_00_076_02,1426.0,693.3290663281588,732.6709336718412
CUY_00_074_02,1296.0,1001.3810260308779,294.61897396912207
CUY_00_050_06,1060.0,677.2051345530853,382.79486544691474
CUY_00_071_03,1216.0,838.4444523038198,377.55554769618016
CUY_00_081_05,1109.0,653.8678648786369,455.13213512136315
CUY_00_074_06,1296.0,787.1024590200333,508.8975409799667
CUY_00_082_07,850.0,499.8418850272772,350.1581149727228
CUY_00_071_05,1216.0,695.874950292644,520.125049707356
CUY_00_081_04,1109.0,676.7808205590044,432.2191794409956
CUY_00_055_06,1170.0,952.1606027174959,217.83939728250414
CUY_00_082_06,850.0,454.440287660623,395.559712339377
CUY_00_091_01,915.0,725.5769298783057,189.4230701216943
CUY_00_171_02,785.0,452.9551886813399,332.0448113186601
CUY_00_212_03,762.0,482.65716826700157,279.34283173299843
CUY_00_087_04,1500.0,565.1862401157329,934.8137598842671
CUY_00_087_07,1500.0,733.2145817717615,766.7854182282385
CUY_00_082_10,850.0,432.8002739624981,417.1997260375019
CUY_00_190_03,950.0,552.4568202933064,397.54317970669365
CUY_00_155_04,868.0,526.9979806484536,341.00201935154644
CUY_00_155_01,868.0,512.3591478526632,355.6408521473368
CUY_00_213_03,644.0,410.5237892732519,233.4762107267481
CUY_00_190_01,950.0,572.8238920091886,377.1761079908114
CUY_00_171_01,785.0,445.5296937849245,339.4703062150755
CUY_00_091_02,915.0,631.3792231923502,283.6207768076498
CUY_00_082_09,850.0,506.41875193553085,343.58124806446915
CUY_00_212_05,762.0,595.3125336954753,166.68746630452472
CUY_00_190_02,950.0,419.0100691548695,530.9899308451305
CUY_00_186_03,387.0,336.48099730613825,50.51900269386175
CUY_00_087_06,1500.0,618.6498033699238,881.3501966300762
CUY_00_217_03,1014.0,524.0277826898874,489.97221731011257
CUY_00_186_01,387.0,292.3523419217267,94.64765807827331
CUY_00_087_03,1500.0,585.5533118316151,914.4466881683849
CUY_00_213_02,644.0,573.4603630003099,70.53963699969006
CUY_00_213_01,644.0,414.13045822293935,229.86954177706065
CUY_00_091_08,915.0,736.6090937244086,178.39090627559142
CUY_00_121_06,1010.0,548.425837349538,461.574162650462
CUY_00_190_04,950.0,598.7070456481224,351.2929543518776
CUY_00_217_02,1014.0,521.906212719483,492.09378728051695
CUY_00_091_04,915.0,675.7200355738022,239.2799644261978
CUY_00_155_05,868.0,594.0395917132327,273.96040828676735
CUY_00_212_01,762.0,386.974362601763,375.025637398237
CUY_00_213_05,644.0,412.43320224661585,231.56679775338415
CUY_00_087_05,1500.0,706.9071141387469,793.0928858612531
CUY_00_186_02,387.0,280.0472360933811,106.95276390661888
CUY_00_212_02,762.0,381.45828067871156,380.54171932128844
CUY_00_087_02,1500.0,525.0885676750896,974.9114323249104
CUY_00_091_03,915.0,854.9926980729742,60.007301927025765
CUY_00_087_09,1500.0,807.8938447299964,692.1061552700036
CUY_01_024_05,771.1064,906.3346913567607,135.22829135676068
CUY_01_024_10,771.1064,830.5946434133235,59.48824341332352
CUY_01_024_03,771.1064,703.3004451890595,67.80595481094053
CUY_01_024_01,771.1064,922.8829371259151,151.77653712591507
CUY_01_024_11,771.1064,800.6805068306215,29.57410683062153
CUY_01_026_06,734.81904,1069.271265083819,334.4522250838189
CUY_00_217_04,1014.0,541.6368134442439,472.3631865557561
CUY_01_026_02,734.81904,774.1608822005664,39.341842200566475
CUY_01_026_01,734.81904,905.4860633685989,170.66702336859896
CUY_01_024_09,771.1064,820.8354215494634,49.72902154946337
CUY_01_026_04,734.81904,926.701763072643,191.882723072643
CUY_01_024_07,771.1064,749.7628275409159,21.343572459084157
CUY_01_026_09,734.81904,801.9534488128642,67.1344088128642
CUY_01_026_10,734.81904,651.534137911192,83.28490208880794
CUY_01_024_08,771.1064,667.2337556921846,103.87264430781545
CUY_01_026_12,734.81904,645.3815849970192,89.43745500298076
CUY_01_026_03,734.81904,719.8486909582138,14.970349041786221
CUY_01_026_08,734.81904,695.874950292644,38.94408970735594
CUY_01_026_11,734.81904,815.3193396264119,80.5002996264119
CUY_01_024_02,771.1064,784.556575055548,13.450175055548016
CUY_01_026_07,734.81904,773.3122542124047,38.49321421240472
CUY_01_026_05,734.81904,964.0413945517605,229.22235455176053
CUY_01_024_06,771.1064,1328.9514294613177,557.8450294613177
CUY_01_024_04,771.1064,746.7926295823497,24.31377041765029
CUY_01_024_12,771.1064,595.1003766984348,176.00602330156516
CUY_01_035_10,535.23856,747.8534145675519,212.6148545675519
CUY_01_026_13,734.81904,885.9676196408785,151.14857964087855
CUY_01_035_01,535.23856,686.1157284287838,150.87716842878376
CUY_01_035_12,535.23856,602.1015576007694,66.8629976007694
CUY_01_035_15,535.23856,672.9619946122765,137.7234346122765
CUY_01_026_16,734.81904,753.1573394935629,18.338299493562886
CUY_01_026_14,734.81904,849.4766161499227,114.65757614992276
CUY_01_026_15,734.81904,713.2718240499601,21.547215950039913
CUY_01_035_09,535.23856,753.3694964906033,218.1309364906033
CUY_01_026_17,734.81904,854.5683840788934,119.74934407889339
CUY_01_035_14,535.23856,696.5114212837653,161.27286128376534
CUY_01_035_07,535.23856,637.107462112442,101.86890211244202
CUY_01_035_06,535.23856,801.1048208247024,265.8662608247024
CUY_01_035_04,535.23856,756.127537452129,220.88897745212898
CUY_01_035_02,535.23856,695.0263223044823,159.78776230448227
CUY_01_066_02,381.01728,700.1180902334528,319.10081023345276
CUY_01_049_07,408.2328,475.65598736466706,67.42318736466706
CUY_01_049_08,408.2328,504.08502496808603,95.85222496808603
CUY_01_043_15,1097.69264,1082.0006849062452,15.691955093754814
CUY_01_043_10,1097.69264,865.6005479249962,232.09209207500373
CUY_01_066_10,381.01728,662.7784587543354,281.76117875433533
CUY_01_043_04,1097.69264,859.235838013783,238.456801986217
CUY_01_043_07,1097.69264,1277.1851221834504,179.49248218345042
CUY_01_043_16,1097.69264,883.6338926734336,214.0587473265664
CUY_01_049_06,408.2328,458.2591136073509,50.026313607350914
CUY_01_049_02,408.2328,534.6356325419094,126.40283254190945
CUY_01_066_08,381.01728,662.7784587543354,281.76117875433533
CUY_01_043_08,1097.69264,992.8947461492604,104.79789385073957
CUY_01_049_04,408.2328,600.1921446274055,191.95934462740547
CUY_01_043_12,1097.69264,782.8593190792245,314.83332092077546
CUY_01_049_01,408.2328,606.7690115356592,198.53621153565916
CUY_01_043_01,1097.69264,962.9806095665583,134.71203043344167
CUY_01_066_06,381.01728,570.9144790358247,189.89719903582466
CUY_01_049_03,408.2328,744.6710596119452,336.4382596119452
CUY_01_066_07,381.01728,564.3376121275711,183.32033212757108
CUY_01_043_02,1097.69264,1177.6834905714838,79.99085057148386
CUY_01_043_11,1097.69264,784.1322610614671,313.56037893853284
CUY_01_049_10,408.2328,539.3030864767991,131.07028647679908
CUY_01_043_18,1097.69264,898.272725469224,199.41991453077594
CUY_01_066_04,381.01728,637.107462112442,256.090182112442
CUY_01_043_14,1097.69264,842.0511212535073,255.6415187464927
CUY_01_066_01,381.01728,620.7713733403282,239.75409334032815
CUY_01_066_09,381.01728,686.1157284287838,305.09844842878374
CUY_01_066_03,381.01728,789.8604999815591,408.84321998155906
CUY_01_043_17,1097.69264,797.7103088720553,299.9823311279447
CUY_01_043_05,1097.69264,992.8947461492604,104.79789385073957
CUY_01_043_06,1097.69264,1069.271265083819,28.421374916181094
CUY_01_043_03,1097.69264,952.1606027174959,145.53203728250412
CUY_01_049_09,408.2328,724.7283018901439,316.49550189014394
CUY_01_049_05,408.2328,467.80617847417074,59.57337847417074
CUY_01_066_05,381.01728,653.8678648786369,272.8505848786368
CUY_01_043_09,1097.69264,1081.1520569180834,16.540583081916566
CUY_01_043_13,1097.69264,923.307251119996,174.38538888000403
CUY_01_101_08,489.87936,571.7631070239864,81.88374702398642
CUY_01_066_11,381.01728,684.2063154554198,303.1890354554198
CUY_01_101_09,489.87936,499.8418850272772,9.962525027277195
CUY_01_113_06,625.95696,729.8200698191145,103.86310981911447
CUY_01_083_04,145.14944,263.4989903242268,118.34955032422678
CUY_01_082_03,172.36496,353.0292430752926,180.6642830752926
CUY_01_113_03,625.95696,687.3886704110264,61.431710411026415
CUY_01_101_01,489.87936,661.9298307661736,172.0504707661736
CUY_01_083_07,145.14944,263.4989903242268,118.34955032422678
CUY_01_102_14,322.05032,427.70850603352756,105.65818603352756
CUY_01_083_06,145.14944,279.19860810521936,134.04916810521937
CUY_01_083_02,145.14944,280.0472360933811,134.89779609338112
CUY_01_082_01,172.36496,374.0327857822962,201.66782578229618
CUY_01_101_15,489.87936,491.7799191397405,1.9005591397404942
CUY_01_083_09,145.14944,319.0841235488221,173.9346835488221
CUY_01_083_05,145.14944,322.26647850442873,177.11703850442873
CUY_01_113_07,625.95696,774.3730391976069,148.4160791976069
CUY_01_101_05,489.87936,504.9336529562478,15.054292956247764
CUY_01_101_14,489.87936,617.801175381762,127.92181538176203
CUY_01_102_11,322.05032,595.7368476895563,273.68652768955627
CUY_01_082_09,172.36496,350.48335911080727,178.11839911080727
CUY_01_082_05,172.36496,382.3069086668733,209.94194866687332
CUY_01_102_13,322.05032,524.0277826898874,201.97746268988743
CUY_01_082_08,172.36496,450.6214617138951,278.2565017138951
CUY_01_101_13,489.87936,504.9336529562478,15.054292956247764
CUY_01_101_06,489.87936,476.08030135874793,13.799058641252088
CUY_01_102_09,322.05032,650.8976669200707,328.8473469200707
CUY_01_101_04,489.87936,519.7846427490786,29.905282749078538
CUY_01_113_08,625.95696,748.4898855586732,122.53292555867324
CUY_01_113_05,625.95696,893.6052715343343,267.6483115343343
CUY_01_082_11,172.36496,561.3674141690049,389.00245416900486
CUY_01_102_12,322.05032,440.6500828529944,118.59976285299439
CUY_01_113_10,625.95696,702.663974197938,76.70701419793807
CUY_01_113_01,625.95696,779.0404931324966,153.08353313249665
CUY_01_082_07,172.36496,289.3821439631605,117.0171839631605
CUY_01_101_17,489.87936,779.676964123618,289.79760412361793
CUY_01_113_02,625.95696,832.0797423926067,206.12278239260672
CUY_01_101_02,489.87936,517.6630727786742,27.783712778674158
CUY_01_113_09,625.95696,744.6710596119452,118.71409961194524
CUY_01_101_10,489.87936,543.1219124235271,53.24255242352706
CUY_01_082_06,172.36496,302.96019177374865,130.59523177374865
CUY_01_102_05,322.05032,522.7548407076448,200.7045207076448
CUY_01_102_04,322.05032,504.08502496808603,182.03470496808603
CUY_01_102_07,322.05032,538.2423014915969,216.1919814915969
CUY_01_082_02,172.36496,314.41666961393247,142.05170961393247
CUY_01_113_11,625.95696,636.4709911213207,10.514031121320727
CUY_01_101_18,489.87936,533.7870045537477,43.90764455374767
CUY_01_102_08,322.05032,499.8418850272772,177.79156502727722
CUY_01_113_04,625.95696,677.2051345530853,51.24817455308528
CUY_01_101_16,489.87936,496.4473730746302,6.568013074630187
CUY_01_101_11,489.87936,512.3591478526632,22.479787852663208
CUY_01_101_03,489.87936,594.0395917132327,104.16023171323263
CUY_01_102_10,322.05032,494.5379601012662,172.4876401012662
CUY_01_083_01,145.14944,249.2844715225173,104.1350315225173
CUY_01_082_04,172.36496,351.331987098969,178.96702709896903
CUY_01_102_06,322.05032,565.1862401157329,243.13592011573286
CUY_01_082_10,172.36496,295.3225398802928,122.95757988029283
CUY_01_101_07,489.87936,574.7333049825527,84.85394498255266
CUY_01_101_12,489.87936,548.2136803524976,58.33432035249757
CUY_01_083_08,145.14944,270.71232822360173,125.56288822360173
CUY_01_066_12,381.01728,665.3243427188206,284.3070627188206
CUY_01_083_03,145.14944,263.4989903242268,118.34955032422678
CUY_01_102_03,322.05032,582.158799878968,260.108479878968
